81 0.30528846153846156 0.06009615384615385 0.10096153846153846 0.1201923076923077
80 0.5817307692307693 0.6781462771831189 0.08653846153846154 0.1774949742807692
80 0.43149038461538464 0.6564027763350955 0.08173076923076923 0.15094076630790604
80 0.359375 0.630437049774198 0.08413461538461539 0.12215056260203
80 0.27524038461538464 0.6129807692307693 0.09375 0.11057692307692307
80 0.21634615384615385 0.6057692307692307 0.07211538461538461 0.09615384615384616
80 0.140625 0.6213942307692307 0.07932692307692307 0.12740384615384615
80 0.09375 0.5829326923076923 0.0625 0.05048076923076923
80 0.016826923076923076 0.5949519230769231 0.03365384615384615 0.07451923076923077
80 0.8966346153846154 0.6069711538461539 0.125 0.0985576923076923
