80 0.502742690395084 0.17712606208299425 0.04717461816772656 0.07577823679878197
80 0.38805607713274703 0.1900638237208056 0.031617719096699304 0.053723952737649475
80 0.3650935584325474 0.19313214527913705 0.02655806631168467 0.04877637087111818
80 0.412792540793487 0.19894478815228533 0.031869679574021634 0.05853164504534178
80 0.9615384615384616 0.06610576923076923 0.07211538461538461 0.13221153846153846
80 0.7848557692307693 0.06610576923076923 0.10817307692307693 0.13221153846153846
80 0.6836508315075671 0.11425784071364284 0.0806922624636275 0.1199567497004664
80 0.6241896896643612 0.12678879550172856 0.05577193925453782 0.10243037882934808
80 0.5695362401288475 0.1391798607309752 0.052360251191402356 0.08312966481915943
81 0.0889423076923077 0.48197115384615385 0.1778846153846154 0.10817307692307693
81 0.6610576923076923 0.4723557692307692 0.09615384615384616 0.0889423076923077
