80 0.2405482327523108 0.3266913884525466 0.08307339078489437 0.12157780274698901
80 0.18028846153846154 0.3641826923076923 0.07211538461538461 0.06490384615384616
80 0.5552884615384616 0.14182692307692307 0.1201923076923077 0.18269230769230768
80 0.38619155174314923 0.2162263118522104 0.11505064412671227 0.18644578615024948
80 0.921875 0.0889423076923077 0.15144230769230768 0.1778846153846154
81 0.4059825886867846 0.5016162850492379 0.058699273857901454 0.09091012320601938
81 0.08149048713461746 0.5780783029155045 0.04911186052489459 0.09258535908193927
80 0.3200306820129388 0.5480344842172573 0.07577793847622324 0.1138198065770058
80 0.19941880508496704 0.574984548050871 0.08329716104391525 0.14080857197775826
80 0.6802884615384616 0.43028846153846156 0.08173076923076923 0.0625
