81 0.08577375749044999 0.09808277580727467 0.08834271103825322 0.10790067320718623
80 0.21397483016745988 0.1370789000813103 0.1377203721266541 0.18493950874964027
81 0.1305115634339298 0.1799497468959892 0.07611368381555841 0.09525154124464964
81 0.6399800905318896 0.2527631336336523 0.04684793706247621 0.06970131684225428
80 0.1836540178548796 0.4048881110193122 0.09298256618317424 0.09853724906912394
80 0.35164442994242956 0.44901709981697724 0.07847557067871154 0.09297367532946464
80 0.06816450424353215 0.4049255470904323 0.04908394605355101 0.06021191246553082
80 0.015625 0.4074519230769231 0.03125 0.16105769230769232
80 0.9699519230769231 0.3425480769230769 0.055288461538461536 0.10817307692307693
80 0.625 0.3449519230769231 0.07211538461538461 0.11298076923076923
